1 1.16-1.2 1.16-1.2 1.16-1.3 1.16-1.2 1.16-1.2 1.16-1.41 1
1|1 1.14-1.1 2|1 1.14-1.1 2|1 1.14-1.1 1|1 1|1 1.14-1.1 2|1 1.14-1.1 2|1 1.14-1.1 1|40 1
1|1 1|2 9_3 1|1 2|1 1|5 6_3 1|1 2|1 1|2 9_3 1|1 1|1 1|1 1|5 2_7 1|1 2|1 1|3 7_4 1|1 2|1 1|3 7_4 1|1 1|40 1
1|1 1|1 1|1_3 3_2 1|2 1|1 2|1 1|3 1.1'1 3_2 1|2 1|1 2|1 1|1 1|1_3 3_2 1|2 1|1 1|1 1|1 1|4 1/2 1|6 1|1 2|1 1|2 1|2 3_2 1|3 1|1 2|1 1|2 1|2 5_1|3 1|1 1|40 1
1|1 1|3 1|1 1|1_2 1\1_1|2 1|1 2|1 1|2 1/1 1.1'3 1\1_1|2 1|1 2|1 1|3 1|1 1|1_2 1\1_1|2 1|1 1|1 1|1 1|4 1`1|1 1|6 1|1 2|1 1|2 1|1_1/2 1/1 1/4 1|1 2|1 1|2 1|1 1|4_5 1|1 1|40 1
1|1 1|3 1|2 1_1|2 1_3 1|1 2|1 1|2 1|1 1|9 1|1 2|1 1|3 1|2 1_1|2 1_3 1|1 1|1 1|1 1|5 1|1 1|6 1|1 2|1 1|6 1/1 1/5 1|1 2|1 1|2 1'1_1.4_2'1.2 1|1 1|40 1
1|1 1|2 1_1|1 1|3_1/1 1|2 1|1 2|1 1|2 1\1 1`1.3_1.1'1\2 1|1 2|1 1|2 1_1|1 1|3_1/1 1|2 1|1 1|1 1|1 1|4 1_1|1 1|1_5 1|1 2|1 1|5 1/1 1/6 1|1 2|1 1|2 1|1 1\4_1)1 1|2 1|1 1|40 1
1|1 1|1 1|9_1|2 1|1 2|1 1|3 1`1.5_1.1'2 1|1 2|1 1|1 1|9_1|2 1|1 1|1 1|1 1|3 1|5_1|4 1|1 2|1 1|4 1/1_1/7 1|1 2|1 1|3 1\6_1.1'2 1|1 1|40 1
1|1 1|14 1|1 2|1 1|14 1|1 2|1 1|14 1|1 1|1 1|1 1|14 1|1 2|1 1|14 1|1 2|1 1|14 1|1 1|40 1
1|1 1'14-1'1 2|1 1'14-1'1 2|1 1'14-1'1 1|1 1|1 1'14-1'1 2|1 1'14-1'1 2|1 1'14-1'1 1|40 1
1 1'16-1'2 1'16-1'2 1'16-1'3 1'16-1'2 1'16-1'2 1'16-1'41 1
1 1.16-1.2 1.16-1.2 1.16-1.2 1.16-1.3 1.16-1.2 1.16-1.2 1.16-1.2 1.16-1.1 1
1|1 1.14-1.1 2|1 1.14-1.1 2|1 1.14-1.1 2|1 1.14-1.1 1|1 1|1 1.14-1.1 2|1 1.14-1.1 2|1 1.14-1.1 2|1 1.14-1.1 1|1
1|1 1|2 9_3 1|1 2|1 1|6 2_6 1|1 2|1 1|3 5_6 1|1 2|1 1|3 5_6 1|1 1|1 1|1 1|4 5_5 1|1 2|1 1|5 4_5 1|1 2|1 1|4 5_5 1|1 2|1 1|5 2_7 1|1 1|1
1|1 1|1 1|1_3 3_2 1|2 1|1 2|1 1|5 1/2 1\5 1|1 2|1 1|2 1|1_3 1_1|5 1|1 2|1 1|2 1|1_3 1_1|5 1|1 1|1 1|1 1|3 1/1 3_1 1`1.3 1|1 2|1 1|3 1.1'4 1'1.3 1|1 2|1 1|3 1/1 3_1 1`1.3 1|1 2|1 1|4 1/2 1|6 1|1 1|1
1|1 1|3 1|1 1|1_2 1\1_1|2 1|1 2|1 1|4 1/1 1/1\1 1\4 1|1 2|1 1|4 1|1 1|7 1|1 2|1 1|4 1|1 1|7 1|1 1|1 1|1 1|2 1|1_1/3_1)1 1|3 1|1 2|1 1|2 1|2 1.2-1.2 1|2 1|1 2|1 1|2 1|1_1/3_1)1 1|3 1|1 2|1 1|4 1`1|1 1|6 1|1 1|1
1|1 1|3 1|2 1_1|6 1|1 2|1 1|3 1/1 4_1 1\3 1|1 2|1 1|4 1|1 1|3 1_3 1|1 2|1 1|4 1|1 1|3 1_3 1|1 1|1 1|1 1|3 1.1'4_1.1'3 1|1 2|1 1|2 1|1 1|4 1|1 1|2 1|1 2|1 1|3 1.1'4_1.1'3 1|1 2|1 1|5 1|1 1|6 1|1 1|1
1|1 1|2 1_1|1 1|1_7 1|1 2|1 1|1 1_1/1 1/4 1\1 1\1_1 1|1 2|1 1|3 1_1|1 1|2_1/1 1|2 1|1 2|1 1|3 1_1|1 1|2_1/1 1|2 1|1 1|1 1|1 1|2 1/1 1/4_5 1|1 2|1 1|2 1|2 1`2-1'2 1|2 1|1 2|1 1|2 1/1 1/4_5 1|1 2|1 1|4 1_1|1 1|1_5 1|1 1|1
1|1 1|1 1|5_1|6 1|1 2|1 2|4_1|2 1|4_2|1 2|1 1|2 1|8_1|2 1|1 2|1 1|2 1|8_1|2 1|1 1|1 1|1 1|2 1|7_1|3 1|1 2|1 1|3 1'1.4_1.1'3 1|1 2|1 1|2 1|7_1|3 1|1 2|1 1|3 1|5_1|4 1|1 1|1
1|1 1|14 1|1 2|1 1|14 1|1 2|1 1|14 1|1 2|1 1|14 1|1 1|1 1|1 1|14 1|1 2|1 1|14 1|1 2|1 1|14 1|1 2|1 1|14 1|1 1|1
1|1 1'14-1'1 2|1 1'14-1'1 2|1 1'14-1'1 2|1 1'14-1'1 1|1 1|1 1'14-1'1 2|1 1'14-1'1 2|1 1'14-1'1 2|1 1'14-1'1 1|1
1 1'16-1'2 1'16-1'2 1'16-1'2 1'16-1'3 1'16-1'2 1'16-1'2 1'16-1'2 1'16-1'1 1
